171,2,1
115,2,1
113,2,1
